====================================================================================================
TABLE 5 — GLOBAL 24-RUN CAMPAIGN AUDIT
====================================================================================================
checkpoint records: 24
metadata cells: 8
unique run keys: PASS
8 structural cells x 3 policies: PASS

====================================================================================================
PREVALIDATION COVERAGE
====================================================================================================
artifact count: 22
missing: ['service_family_1__capacity_10__dca', 'service_family_1__capacity_10__pr']
unexpected: []
coverage: PASS (22 current-schema artifacts + 2 documented legacy runs)

record-level contracts: PASS

====================================================================================================
CANONICAL 24-RUN RESULTS
====================================================================================================
SF  Cap Pol   AccReq     AccTEU      Barge      Truck           Net      AFR%      VOB%      VFB%      VTR%      VOA%     Time(s)
---------------------------------------------------------------------------------------------------------------------------------
 1   10 DCA      351    447.000    447.000      0.000     103237.50    83.393    41.543    41.543     0.000    43.875      27.522
 1   10 PR       356    453.000    453.000      0.000     103443.75    82.857    42.100    42.100     0.000    44.500    1973.983
 1   10 FR       641    818.980    379.023    439.958     117893.96    80.895    76.113    35.225    40.888    80.125    9394.014
 1   20 DCA      608    803.000    803.000      0.000     192868.75    77.054    74.628    74.628     0.000    76.000      30.176
 1   20 PR       604    793.000    793.000      0.000     189750.00    75.848    73.699    73.699     0.000    75.500    4482.010
 1   20 FR       738    989.000    777.000    212.000     205737.50    76.473    91.914    72.212    19.703    92.250   12936.737
 1   30 DCA      769   1031.000   1031.000      0.000     242387.50    64.762    95.818    95.818     0.000    96.125      33.770
 1   30 PR       761   1018.000   1018.000      0.000     238606.25    64.256    94.610    94.610     0.000    95.125    6435.621
 1   30 FR       798   1073.000   1039.000     34.000     247543.75    64.256    99.721    96.561     3.160    99.750   15205.851
 1   40 DCA      800   1076.000   1076.000      0.000     252793.75    50.379   100.000   100.000     0.000   100.000      34.209
 1   40 PR       790   1061.000   1061.000      0.000     248262.50    50.290    98.606    98.606     0.000    98.750    6963.239
 1   40 FR       800   1076.000   1076.000      0.000     252793.75    52.121   100.000   100.000     0.000   100.000   15195.776
 2   10 DCA      610    798.000    798.000      0.000     196512.50    81.295    74.164    74.164     0.000    76.250      32.807
 2   10 PR       609    794.000    794.000      0.000     194206.25    83.036    73.792    73.792     0.000    76.125    4599.560
 2   10 FR       758   1006.031    799.000    207.031     209178.91    72.937    93.497    74.257    19.241    94.750   18839.643
 2   20 DCA      800   1076.000   1076.000      0.000     252793.75    54.754   100.000   100.000     0.000   100.000      35.781
 2   20 PR       799   1075.000   1075.000      0.000     252668.75    64.978    99.907    99.907     0.000    99.875    6562.022
 2   20 FR       800   1076.000   1076.000      0.000     252793.75    58.214   100.000   100.000     0.000   100.000   17118.513
 2   30 DCA      800   1076.000   1076.000      0.000     252793.75    36.057   100.000   100.000     0.000   100.000      35.449
 2   30 PR       800   1076.000   1076.000      0.000     252793.75    43.676   100.000   100.000     0.000   100.000    6308.242
 2   30 FR       800   1076.000   1076.000      0.000     252793.75    45.327   100.000   100.000     0.000   100.000   16758.531
 2   40 DCA      800   1076.000   1076.000      0.000     252793.75    27.042   100.000   100.000     0.000   100.000      35.106
 2   40 PR       800   1076.000   1076.000      0.000     252793.75    30.502   100.000   100.000     0.000   100.000    6277.495
 2   40 FR       800   1076.000   1076.000      0.000     252793.75    33.225   100.000   100.000     0.000   100.000   16996.732

====================================================================================================
RUNTIME SUMMARY
====================================================================================================
DCA: runs=8, total=264.820s, mean=33.102s, total_hours=0.074h
PR: runs=8, total=43602.172s, mean=5450.272s, total_hours=12.112h
FR: runs=8, total=122445.797s, mean=15305.725s, total_hours=34.013h

====================================================================================================
TABLE 5 GLOBAL CAMPAIGN AUDIT: PASS
====================================================================================================
